G1448-Hydrology/Precipitation/data/dem_pas.asc
ncols		139     
nrows		230     
xllcorner	328500.0
yllcorner	4727155.0
cellsize	200     
NODATA_value	-9999.0 
[rows 87 to 115 of 230, columns 0 to 63 of 139]
-9999.000 -9999.000 -9999.000 -9999.000 -9999.000 -9999.000 459.587 436.403 468.799 493.936 475.083 451.237 446.474 473.156 455.602 448.019 385.768 292.437 200.866 159.579 162.942 171.569 111.267 79.764 69.381 85.791 133.979 148.013 176.982 200.845 187.202 188.878 230.708 264.187 270.904 274.574 199.091 200.541 260.683 301.281 340.978 376.906 332.406 332.064 346.353 282.426 289.739 356.786 337.046 326.687 343.710 319.110 339.083 347.185 377.128 398.059 377.561 350.810 307.008 261.905 227.813 311.579 296.042 225.121
-9999.000 -9999.000 -9999.000 -9999.000 -9999.000 -9999.000 500.460 489.495 466.738 482.718 466.936 470.611 468.020 409.578 336.282 291.532 243.357 217.064 218.398 282.821 287.495 316.492 177.828 80.485 67.944 84.845 176.065 166.570 243.310 221.485 187.796 218.609 240.656 280.533 245.941 239.509 255.727 201.588 229.229 265.641 309.883 373.772 410.274 394.555 390.169 332.566 288.270 339.782 393.802 399.706 420.039 384.137 412.748 421.014 450.162 479.590 454.353 430.210 374.345 312.770 274.674 247.986 277.395 212.514
-9999.000 -9999.000 -9999.000 -9999.000 -9999.000 -9999.000 429.048 441.707 391.573 343.613 320.182 325.990 316.950 276.333 241.675 179.552 146.403 124.095 118.255 163.635 208.879 234.855 152.515 77.150 75.929 70.657 98.810 186.788 214.335 222.539 197.642 218.603 293.862 276.994 222.006 240.086 272.254 251.670 229.932 247.743 292.372 339.382 370.363 416.756 401.020 347.864 309.955 357.605 443.964 499.160 494.308 473.104 484.911 506.970 512.910 487.752 450.098 404.948 360.996 342.445 345.669 273.253 272.853 263.323
-9999.000 -9999.000 -9999.000 -9999.000 -9999.000 -9999.000 310.549 288.381 264.423 231.553 213.885 216.139 222.383 213.540 186.768 142.289 137.197 156.416 139.597 117.952 97.114 94.958 85.576 114.476 86.605 73.916 70.923 72.784 105.350 158.022 199.393 232.069 221.874 178.264 162.450 183.606 217.771 229.853 238.495 261.925 292.547 307.361 337.654 355.093 347.333 316.647 369.956 344.967 413.325 481.692 551.561 557.647 572.073 588.184 572.281 548.532 517.311 483.386 432.489 367.684 329.653 282.964 314.493 342.120
-9999.000 -9999.000 -9999.000 -9999.000 -9999.000 -9999.000 317.967 285.766 255.849 224.726 201.865 180.674 178.963 174.711 169.643 139.129 184.539 210.736 182.241 125.355 103.154 112.433 124.000 125.780 103.815 80.987 74.167 72.743 74.402 76.490 102.297 121.970 137.804 128.236 145.690 165.513 197.875 221.758 238.731 255.354 275.262 314.999 345.504 374.378 372.299 353.426 384.551 434.164 447.122 452.212 509.492 576.074 598.474 585.700 566.818 533.801 482.494 434.943 385.182 328.720 315.712 356.135 361.321 325.409
-9999.000 -9999.000 -9999.000 -9999.000 -9999.000 -9999.000 345.368 340.476 310.647 274.110 246.645 220.591 184.444 178.030 154.320 163.288 206.264 208.876 181.038 146.439 118.484 150.137 175.491 166.925 115.059 96.897 89.123 78.634 76.178 76.368 79.391 121.321 142.431 153.135 140.626 169.342 237.835 261.380 274.239 294.579 346.059 369.781 416.218 438.905 454.262 424.314 393.363 428.270 497.730 525.193 555.209 586.628 556.820 508.694 481.916 445.778 412.443 394.132 355.676 365.869 334.716 368.598 360.320 347.887
-9999.000 -9999.000 -9999.000 -9999.000 -9999.000 -9999.000 383.254 384.108 358.172 310.835 243.658 221.504 224.062 192.986 178.927 185.734 165.630 156.823 133.905 128.107 125.808 132.504 143.976 131.741 111.755 99.470 97.698 105.949 81.006 77.052 79.194 128.475 160.862 192.525 160.891 184.401 258.932 294.234 275.527 293.402 331.546 372.718 431.944 473.613 506.335 522.010 490.103 472.727 525.928 600.166 599.791 621.577 622.499 560.715 499.419 461.585 416.857 379.369 430.891 374.027 371.934 405.999 406.363 393.179
-9999.000 -9999.000 -9999.000 -9999.000 -9999.000 -9999.000 -9999.000 414.045 372.352 307.121 267.244 274.706 271.795 241.951 208.816 182.321 150.326 161.168 184.995 185.375 158.579 133.135 140.517 134.167 124.307 130.606 149.566 149.600 105.000 79.151 81.384 123.396 169.796 215.677 178.350 188.264 237.745 282.880 265.510 236.312 279.636 344.319 389.120 423.561 444.544 458.612 485.703 486.038 515.800 528.727 513.811 528.196 610.707 630.673 564.816 488.569 437.324 403.981 436.867 416.739 437.245 485.839 497.398 482.108
-9999.000 -9999.000 -9999.000 -9999.000 -9999.000 -9999.000 -9999.000 -9999.000 417.297 343.482 336.813 343.081 311.645 259.162 213.181 167.736 153.111 210.081 229.574 221.395 206.294 192.974 182.043 160.983 159.224 161.849 182.609 168.307 122.254 79.870 81.756 93.173 157.064 187.241 202.174 192.556 201.005 245.676 235.807 189.557 240.832 271.463 327.634 341.683 361.819 391.199 407.931 415.009 466.172 458.751 451.339 469.006 541.670 536.938 567.287 542.640 508.901 469.864 437.964 431.989 493.117 558.264 582.391 564.658
-9999.000 -9999.000 -9999.000 -9999.000 -9999.000 -9999.000 -9999.000 -9999.000 443.280 401.725 410.304 407.020 319.418 250.245 199.445 171.625 175.863 221.400 269.082 272.115 278.101 255.955 243.758 213.766 198.150 210.632 223.681 203.206 136.436 82.364 83.061 89.433 99.610 145.616 163.196 149.919 160.387 197.858 194.397 165.399 194.727 241.039 271.473 276.975 300.580 374.451 342.051 392.160 417.662 410.686 404.456 420.235 495.440 467.906 501.440 491.562 516.828 539.514 477.986 441.708 492.160 567.869 547.001 527.420
-9999.000 -9999.000 -9999.000 -9999.000 -9999.000 -9999.000 -9999.000 -9999.000 478.149 432.977 427.889 387.835 313.345 255.992 206.690 172.122 197.773 202.817 252.963 309.115 323.824 331.384 297.559 282.305 253.947 264.567 258.481 194.300 121.941 83.694 83.653 84.793 88.368 95.301 110.013 109.294 136.582 153.549 169.445 144.954 169.964 210.869 214.385 275.658 296.893 332.875 301.819 345.165 365.844 357.573 339.376 411.532 421.481 412.779 429.003 423.940 462.808 520.472 484.827 410.889 448.048 517.331 497.913 430.222
-9999.000 -9999.000 -9999.000 -9999.000 -9999.000 -9999.000 -9999.000 -9999.000 493.128 466.843 460.448 392.350 306.522 248.110 189.849 195.489 235.324 245.372 257.123 325.455 366.029 384.951 370.653 331.755 317.089 293.420 235.034 182.005 118.069 86.516 84.985 87.204 87.997 90.451 96.771 117.929 133.241 131.639 134.616 138.893 151.539 164.808 183.308 212.149 234.201 275.032 266.283 310.668 327.458 284.771 332.361 345.059 354.090 359.317 361.388 392.845 418.627 456.371 463.492 396.375 402.568 447.878 461.540 394.530
-9999.000 -9999.000 -9999.000 -9999.000 -9999.000 -9999.000 -9999.000 -9999.000 519.442 493.993 436.906 332.725 285.393 229.251 209.465 224.975 272.517 290.996 292.601 312.932 386.833 418.011 417.724 359.878 319.544 261.261 213.138 155.043 97.513 87.311 86.666 86.804 88.823 94.723 97.575 116.101 120.483 116.076 123.108 139.222 142.647 178.337 198.910 223.229 249.220 250.224 241.812 286.267 269.919 232.914 266.106 263.667 276.382 297.868 341.527 405.801 462.415 458.501 400.716 363.459 348.477 376.894 397.277 344.271
-9999.000 -9999.000 -9999.000 -9999.000 -9999.000 -9999.000 -9999.000 -9999.000 541.179 474.898 417.222 351.623 281.273 215.994 244.392 251.131 297.958 333.339 334.075 337.386 413.064 452.077 431.142 362.407 284.585 244.466 220.717 193.529 92.854 88.152 88.184 88.535 91.043 101.036 98.131 99.586 102.996 107.666 117.171 120.067 129.006 145.979 192.256 217.642 242.404 221.484 267.913 285.228 233.442 213.134 254.863 298.883 332.028 380.013 418.995 450.705 454.348 441.473 358.111 344.127 300.359 324.579 342.658 312.748
-9999.000 -9999.000 -9999.000 -9999.000 -9999.000 -9999.000 -9999.000 576.505 525.625 491.918 441.004 355.241 269.444 255.852 272.837 288.243 332.375 382.555 396.003 420.160 457.280 492.140 451.173 375.805 342.749 299.681 281.177 181.264 103.954 90.462 90.035 91.277 92.554 106.013 116.891 115.131 110.614 109.565 112.875 118.594 120.251 122.995 148.113 172.603 184.489 188.588 204.383 220.165 203.583 241.460 278.545 318.235 359.197 379.278 383.423 382.004 394.720 381.827 336.236 294.535 270.737 276.918 289.810 294.676
-9999.000 -9999.000 -9999.000 -9999.000 -9999.000 -9999.000 -9999.000 585.145 544.419 511.724 448.005 383.722 272.696 313.327 306.120 321.282 376.927 423.533 463.500 478.679 500.980 538.743 473.691 433.945 377.664 333.465 289.286 172.356 92.097 92.310 91.733 93.481 92.935 108.045 122.005 131.580 146.254 152.570 138.987 144.211 137.887 131.479 129.526 144.120 151.566 154.813 155.605 171.723 183.082 201.399 219.449 237.614 266.593 283.072 304.719 329.990 357.725 345.384 302.930 285.862 237.160 230.536 240.477 273.027
-9999.000 -9999.000 -9999.000 -9999.000 -9999.000 -9999.000 -9999.000 617.827 572.465 511.029 430.160 355.362 331.866 336.889 347.272 370.400 407.692 449.170 499.208 486.322 557.633 549.796 488.800 457.824 398.175 357.087 327.556 173.374 109.201 94.195 93.163 91.514 94.158 118.962 124.596 133.105 147.875 166.608 171.910 180.394 159.875 145.901 149.632 137.757 144.798 154.130 190.368 175.231 173.410 180.530 193.089 214.269 231.417 233.014 252.580 289.005 305.798 280.792 256.973 250.516 238.473 210.041 220.681 251.904
-9999.000 -9999.000 -9999.000 -9999.000 -9999.000 -9999.000 -9999.000 626.457 560.114 506.318 462.026 394.021 382.024 377.292 387.237 426.801 448.714 495.375 527.644 528.054 597.680 573.094 524.467 469.138 413.107 378.208 332.246 189.734 123.972 97.153 94.832 94.411 96.000 104.107 123.549 133.490 157.376 181.423 190.926 204.709 196.522 155.849 164.082 167.798 195.275 188.312 214.156 221.565 209.037 229.020 205.755 192.250 201.514 233.701 290.883 303.233 255.665 242.803 228.903 207.445 191.568 190.636 198.852 222.579
-9999.000 -9999.000 -9999.000 -9999.000 -9999.000 -9999.000 660.194 613.826 556.603 515.808 458.986 417.613 429.454 428.353 426.759 458.235 487.595 492.818 528.204 577.829 651.784 606.669 516.645 452.658 385.567 323.581 264.074 185.099 139.909 108.488 97.281 97.612 97.318 100.774 123.176 130.432 162.413 187.807 189.542 204.151 218.613 182.364 178.767 175.629 206.379 249.701 257.183 271.281 258.304 270.717 239.809 223.766 217.037 238.571 278.483 308.169 261.719 255.244 232.237 217.853 210.959 182.198 174.966 188.543
-9999.000 -9999.000 -9999.000 -9999.000 -9999.000 -9999.000 683.351 619.342 542.206 499.561 472.258 454.025 467.754 465.608 464.478 472.417 486.736 520.306 565.784 623.483 668.228 616.581 530.194 452.414 403.567 340.923 265.876 196.645 138.048 98.987 98.803 101.912 99.204 101.638 122.018 129.577 145.839 142.150 164.870 183.460 207.790 230.332 247.798 231.120 233.244 274.314 287.896 268.500 312.347 315.890 290.145 263.317 235.019 289.566 267.454 282.833 292.808 290.737 279.621 260.000 241.960 213.248 191.868 163.761
-9999.000 -9999.000 -9999.000 -9999.000 -9999.000 -9999.000 695.447 624.994 562.880 549.068 505.773 495.979 506.609 503.772 497.889 526.702 517.057 534.682 578.425 630.855 657.033 576.702 534.142 502.877 451.269 401.322 296.759 207.892 124.779 100.982 101.122 101.194 100.884 103.607 123.308 129.442 141.076 174.286 216.038 239.219 252.825 276.914 280.606 290.007 286.683 301.634 318.368 288.467 337.348 331.003 303.464 278.418 242.882 262.456 257.984 270.477 274.313 276.979 292.295 280.339 242.427 196.736 176.044 161.215
-9999.000 -9999.000 -9999.000 -9999.000 -9999.000 -9999.000 687.866 627.388 599.797 593.996 554.239 550.165 549.019 539.933 555.437 564.932 537.303 569.995 592.274 637.387 614.817 628.583 553.205 508.209 446.805 407.193 283.896 179.985 113.564 103.645 103.352 102.588 102.549 105.133 124.064 141.913 158.726 203.923 264.529 299.531 303.620 317.834 315.961 320.677 315.207 330.021 329.719 308.953 329.715 329.851 285.143 252.980 264.823 280.615 261.923 254.184 260.014 278.630 294.492 277.147 264.484 209.806 169.223 183.408
-9999.000 -9999.000 -9999.000 -9999.000 -9999.000 -9999.000 -9999.000 650.488 637.666 625.568 602.426 596.087 592.079 599.893 620.442 617.327 589.156 593.060 609.052 590.534 552.097 555.361 515.680 463.063 424.735 381.074 340.104 229.397 122.843 104.285 105.205 103.947 104.318 108.969 134.256 164.875 180.288 233.131 288.796 320.551 336.710 344.946 373.877 381.485 366.680 365.559 350.600 325.644 326.471 302.670 268.603 252.688 297.487 322.169 286.526 254.309 269.522 312.765 307.271 282.975 249.011 204.234 198.484 205.029
-9999.000 -9999.000 -9999.000 -9999.000 -9999.000 -9999.000 -9999.000 -9999.000 679.284 666.189 648.493 640.479 642.028 670.525 679.437 639.189 649.100 628.712 581.683 532.142 519.839 503.789 477.310 440.500 402.799 355.134 289.799 192.605 143.460 106.497 106.320 104.642 105.915 123.356 140.696 165.660 209.877 279.034 328.653 353.595 377.934 395.037 429.902 451.486 436.962 418.315 367.902 345.353 328.878 282.421 293.244 285.040 277.734 318.316 292.265 262.990 276.880 318.876 309.814 267.536 226.258 210.858 197.853 208.044
-9999.000 -9999.000 -9999.000 -9999.000 -9999.000 -9999.000 -9999.000 -9999.000 -9999.000 707.472 701.195 683.184 679.598 672.140 669.893 669.266 661.477 596.990 552.138 510.140 455.992 428.656 398.997 396.719 389.494 363.360 331.633 245.205 161.709 112.906 106.899 107.495 107.435 142.918 152.060 183.278 246.351 310.394 337.688 373.482 406.126 421.803 446.139 465.255 466.951 447.911 406.696 356.836 323.000 338.242 335.300 312.557 299.291 326.632 286.491 296.367 298.807 305.746 293.164 252.156 208.047 198.367 182.180 180.465
-9999.000 -9999.000 -9999.000 -9999.000 -9999.000 -9999.000 -9999.000 -9999.000 -9999.000 736.074 756.559 740.417 734.286 729.507 667.515 645.285 607.348 559.149 503.062 440.503 398.365 358.289 330.848 288.856 314.481 300.786 268.072 227.271 164.624 123.504 109.505 109.582 110.712 153.418 163.666 193.695 246.199 313.182 315.353 351.160 384.508 414.188 462.125 489.013 505.288 472.370 424.687 379.343 362.092 394.322 400.434 345.697 349.322 345.111 312.732 295.781 313.203 290.043 259.116 214.147 198.369 186.276 211.956 207.719
-9999.000 -9999.000 -9999.000 -9999.000 -9999.000 -9999.000 -9999.000 -9999.000 -9999.000 -9999.000 -9999.000 793.149 741.361 684.794 650.151 607.319 592.763 565.806 488.817 436.097 419.587 386.767 325.007 283.172 234.118 218.214 213.785 186.915 150.422 129.608 111.088 110.741 115.092 141.638 152.673 172.905 196.454 223.772 275.122 334.349 372.317 415.824 465.763 511.462 533.332 500.869 443.715 407.655 403.622 446.224 458.305 403.980 405.410 392.330 355.110 335.691 325.560 285.313 241.678 219.484 221.103 223.079 252.366 231.767
-9999.000 -9999.000 -9999.000 -9999.000 -9999.000 -9999.000 -9999.000 -9999.000 -9999.000 -9999.000 -9999.000 712.236 667.078 647.692 643.485 636.158 614.228 572.996 519.983 484.633 471.239 438.201 398.033 374.811 315.150 244.208 181.201 160.535 158.311 109.286 112.560 114.134 116.782 161.311 185.066 216.492 247.757 264.948 275.530 360.879 383.653 404.322 464.125 516.886 563.628 524.382 484.424 498.358 467.161 493.509 514.931 472.708 459.474 431.642 409.267 374.312 351.401 303.689 261.790 238.458 267.918 272.051 248.861 248.566
-9999.000 -9999.000 -9999.000 -9999.000 -9999.000 -9999.000 -9999.000 -9999.000 -9999.000 -9999.000 -9999.000 670.501 645.293 639.817 646.103 638.689 614.176 589.008 553.077 519.320 487.480 438.309 395.711 367.989 330.326 293.397 223.383 239.324 176.796 114.782 114.268 114.650 123.131 157.804 181.221 243.535 314.488 325.966 339.658 340.826 364.801 403.056 463.979 506.483 555.382 558.025 537.337 549.994 528.465 547.845 566.917 542.229 507.362 466.652 436.719 409.420 362.991 311.846 307.293 271.781 263.820 264.212 248.613 225.338
