G1448-Hydrology/Precipitation/data/dem_pas.asc
ncols		139     
nrows		230     
xllcorner	328500.0
yllcorner	4727155.0
cellsize	200     
NODATA_value	-9999.0 
[rows 116 to 144 of 230, columns 0 to 63 of 139]
-9999.000 -9999.000 -9999.000 -9999.000 -9999.000 -9999.000 -9999.000 -9999.000 -9999.000 -9999.000 -9999.000 659.108 637.028 616.021 609.655 617.089 591.793 583.377 565.416 533.540 472.796 421.488 376.928 353.246 313.107 285.375 266.917 245.527 165.326 112.242 116.021 116.937 129.788 163.769 186.673 258.584 326.898 346.474 379.110 417.956 439.359 445.227 486.819 551.483 585.572 609.168 599.914 596.177 592.426 604.300 611.147 611.887 558.544 506.869 467.203 426.477 372.592 324.675 315.819 316.069 270.629 244.188 252.115 229.905
-9999.000 -9999.000 -9999.000 -9999.000 -9999.000 -9999.000 -9999.000 -9999.000 -9999.000 -9999.000 -9999.000 657.423 630.755 605.000 580.347 583.090 582.112 574.285 560.389 497.293 443.308 402.785 374.244 345.192 314.402 245.917 235.512 240.758 148.825 114.193 117.836 119.553 131.665 180.445 211.395 264.822 341.920 360.759 418.145 451.183 482.115 512.270 529.382 585.671 634.923 667.825 644.885 647.815 648.696 654.756 662.470 636.086 588.763 545.838 499.609 448.899 403.046 380.282 336.620 302.161 284.298 249.411 230.364 203.474
-9999.000 -9999.000 -9999.000 -9999.000 -9999.000 -9999.000 -9999.000 -9999.000 -9999.000 -9999.000 687.576 650.897 621.283 580.305 547.767 556.319 560.928 583.118 547.613 489.371 442.535 399.200 375.640 333.670 285.075 221.614 183.404 167.326 128.848 119.923 120.448 120.976 136.020 183.911 236.872 277.247 328.017 384.352 430.827 472.268 516.659 549.645 575.219 623.884 674.800 735.874 708.741 709.346 719.857 712.149 692.539 652.037 610.365 563.676 517.117 464.537 420.539 378.861 344.517 321.379 281.251 244.056 241.599 236.708
-9999.000 -9999.000 -9999.000 -9999.000 -9999.000 -9999.000 -9999.000 -9999.000 -9999.000 -9999.000 686.231 640.111 569.571 530.503 513.316 494.455 511.788 530.224 517.470 482.576 450.202 423.142 370.006 287.368 181.361 173.581 144.597 134.514 139.356 120.865 122.149 123.417 142.976 178.306 221.652 278.451 341.867 410.635 442.520 478.686 528.008 583.694 624.158 664.307 720.095 779.256 796.344 796.309 778.743 763.014 722.495 673.920 611.966 568.938 528.324 481.766 437.437 412.082 388.937 333.998 301.939 278.930 263.089 265.648
-9999.000 -9999.000 -9999.000 -9999.000 -9999.000 -9999.000 -9999.000 -9999.000 -9999.000 682.180 656.845 627.854 578.015 519.326 484.356 448.411 446.672 439.721 449.071 447.334 423.021 379.741 344.222 266.415 157.487 150.718 187.804 218.205 195.613 122.770 121.840 132.087 179.403 189.379 222.681 287.241 386.342 429.795 444.768 477.497 526.893 587.170 651.100 661.260 679.366 730.294 775.252 802.615 809.059 784.221 751.777 696.270 625.473 593.996 542.707 503.717 467.540 442.198 398.879 352.938 326.524 310.381 290.890 311.886
-9999.000 -9999.000 -9999.000 -9999.000 -9999.000 -9999.000 -9999.000 -9999.000 674.189 664.378 662.019 639.283 577.567 518.799 483.300 442.866 413.908 375.049 351.916 380.042 378.675 357.155 272.053 180.448 187.963 241.595 294.999 231.326 195.997 125.315 123.567 126.172 177.048 197.629 217.041 273.171 362.127 428.156 451.256 478.078 512.390 560.178 602.385 614.135 648.969 671.593 699.793 724.461 813.065 822.339 780.246 688.486 634.717 581.796 549.686 518.632 486.160 420.085 379.652 347.332 314.309 311.353 297.032 322.969
-9999.000 -9999.000 -9999.000 -9999.000 -9999.000 -9999.000 -9999.000 690.497 656.320 647.748 634.318 601.168 549.010 518.181 487.527 467.632 440.606 388.104 317.886 282.611 310.774 248.818 183.665 198.867 241.293 313.291 317.836 249.299 194.503 121.938 125.556 125.789 156.931 186.976 204.788 260.935 320.552 397.929 432.277 468.451 496.408 541.372 550.811 561.046 590.130 622.952 673.439 677.034 755.541 816.849 741.989 677.318 618.229 557.205 502.809 495.014 438.008 383.757 335.310 324.752 298.310 309.169 295.247 317.281
-9999.000 -9999.000 -9999.000 -9999.000 -9999.000 -9999.000 -9999.000 680.939 667.907 647.113 608.070 559.276 531.980 495.863 451.151 437.649 429.193 405.435 368.722 265.331 206.131 206.689 239.511 280.221 316.602 351.781 349.179 263.156 197.330 126.678 127.215 128.235 133.618 176.070 196.561 231.807 285.296 343.324 413.143 447.734 486.724 506.973 510.734 536.836 558.219 599.928 642.660 674.358 711.092 795.553 750.402 682.315 618.660 579.582 532.200 445.045 401.028 365.266 325.435 299.020 288.398 278.861 263.676 270.003
-9999.000 -9999.000 -9999.000 -9999.000 -9999.000 -9999.000 -9999.000 -9999.000 -9999.000 630.592 613.965 575.926 544.956 506.662 481.797 438.515 421.774 402.857 350.714 326.006 325.519 350.838 358.010 395.814 387.343 364.473 355.803 264.610 187.779 124.725 129.745 130.771 131.312 133.868 188.625 186.253 249.430 313.355 403.449 439.708 470.270 456.926 474.239 490.122 531.342 584.326 637.439 686.693 760.892 833.660 788.871 694.280 634.370 588.753 526.165 444.462 405.560 375.021 337.795 309.194 285.110 297.140 262.765 232.294
-9999.000 -9999.000 -9999.000 -9999.000 -9999.000 -9999.000 -9999.000 -9999.000 -9999.000 652.248 626.715 602.593 570.878 551.342 513.140 471.582 449.568 425.625 369.766 381.934 374.005 391.625 405.003 420.760 398.259 383.592 312.890 243.832 182.543 140.356 130.681 131.903 132.950 133.648 148.538 183.137 230.790 303.725 390.778 427.380 431.357 380.574 439.740 465.219 514.446 559.342 626.189 686.853 779.784 844.791 766.138 698.836 641.225 585.168 560.146 504.755 470.295 434.883 391.430 353.672 310.087 287.318 252.562 289.049
-9999.000 -9999.000 -9999.000 -9999.000 -9999.000 -9999.000 -9999.000 -9999.000 -9999.000 -9999.000 -9999.000 -9999.000 595.132 581.872 544.404 494.876 464.552 442.672 419.496 407.480 402.834 404.368 421.323 435.607 412.572 308.510 228.055 191.829 167.558 147.553 131.477 134.043 134.373 136.013 136.961 193.275 234.581 294.164 368.350 377.084 350.996 328.987 369.903 475.881 490.576 542.467 614.730 686.289 756.576 823.711 752.392 705.491 691.695 645.322 612.226 573.421 512.704 449.514 402.015 355.171 311.045 254.660 280.104 329.360
-9999.000 -9999.000 -9999.000 -9999.000 -9999.000 -9999.000 -9999.000 -9999.000 -9999.000 -9999.000 -9999.000 -9999.000 610.787 595.644 554.633 516.887 487.490 469.171 449.848 437.448 435.660 439.761 449.662 446.401 415.795 307.902 285.887 242.077 182.628 148.491 136.724 134.202 136.517 137.253 137.815 150.306 214.112 268.266 304.760 308.390 265.428 325.378 428.852 471.051 532.916 609.222 648.065 694.664 742.591 812.279 760.874 706.304 700.541 667.377 621.609 571.766 516.002 460.759 392.262 337.911 300.673 272.971 320.922 362.306
-9999.000 -9999.000 -9999.000 -9999.000 -9999.000 -9999.000 -9999.000 -9999.000 -9999.000 -9999.000 -9999.000 -9999.000 -9999.000 602.261 561.756 531.796 523.078 498.468 477.858 461.996 465.848 469.890 468.111 452.590 433.041 359.177 313.894 263.408 191.712 153.192 142.430 137.214 136.940 138.203 139.333 139.785 178.209 237.930 232.754 218.455 267.339 399.964 470.058 505.586 557.701 619.512 652.634 678.983 707.536 779.572 833.588 754.144 689.551 644.238 599.334 557.906 507.405 456.442 392.607 351.604 302.889 298.376 353.394 400.811
-9999.000 -9999.000 -9999.000 -9999.000 -9999.000 -9999.000 -9999.000 -9999.000 -9999.000 -9999.000 -9999.000 -9999.000 -9999.000 602.933 571.675 552.906 528.842 506.300 483.899 455.349 454.589 454.222 442.369 432.269 409.797 371.272 320.538 264.037 202.277 154.968 150.276 143.344 139.797 140.280 140.913 142.244 161.478 189.136 197.400 272.613 364.181 431.647 458.572 507.235 557.708 594.375 623.238 639.696 668.889 712.000 812.378 808.811 713.193 625.024 576.041 540.811 499.074 473.324 425.733 358.181 302.828 314.778 364.798 403.100
-9999.000 -9999.000 -9999.000 -9999.000 -9999.000 -9999.000 -9999.000 -9999.000 -9999.000 -9999.000 -9999.000 -9999.000 -9999.000 583.784 566.037 547.220 524.680 486.210 466.900 461.237 456.883 431.422 324.339 297.569 283.244 292.743 283.039 240.579 203.483 164.437 157.046 145.292 143.491 141.042 142.758 144.149 152.958 189.480 246.090 322.439 410.187 429.015 443.517 483.169 504.319 544.929 554.916 599.172 633.224 659.336 752.393 790.161 710.828 656.481 575.168 510.825 499.438 461.154 406.005 350.026 327.240 323.874 365.918 415.772
-9999.000 -9999.000 -9999.000 -9999.000 -9999.000 -9999.000 -9999.000 -9999.000 -9999.000 -9999.000 -9999.000 -9999.000 -9999.000 577.209 560.278 544.080 527.682 523.015 492.006 480.788 476.780 463.565 360.799 290.605 292.611 258.776 227.727 205.539 184.786 171.510 162.222 157.376 149.173 145.446 144.807 145.287 147.892 150.595 222.539 272.452 346.905 390.061 439.667 470.022 473.692 509.688 495.565 537.334 586.355 601.721 678.035 760.802 708.068 643.115 574.198 531.135 475.915 439.253 401.311 340.026 411.463 384.274 365.687 442.180
-9999.000 -9999.000 -9999.000 -9999.000 -9999.000 -9999.000 -9999.000 -9999.000 -9999.000 -9999.000 -9999.000 -9999.000 -9999.000 -9999.000 582.483 578.738 563.973 552.760 519.988 498.832 488.506 458.019 405.842 382.592 345.666 299.939 259.930 214.477 185.139 176.036 182.226 164.302 159.865 149.467 145.652 147.569 148.866 150.091 171.127 225.721 282.344 382.152 397.648 423.828 427.588 460.827 454.149 457.854 486.344 552.507 642.136 756.028 746.979 702.505 612.410 519.613 466.860 408.088 392.961 438.352 490.426 419.811 371.925 426.824
-9999.000 -9999.000 -9999.000 -9999.000 -9999.000 -9999.000 -9999.000 -9999.000 -9999.000 -9999.000 -9999.000 -9999.000 -9999.000 -9999.000 610.673 616.780 601.960 574.753 550.096 522.264 489.865 457.110 396.633 357.589 318.877 281.605 245.450 214.031 196.154 191.433 183.480 183.045 164.123 154.592 149.096 147.739 150.110 151.983 153.548 178.092 283.200 308.520 308.111 342.184 368.785 374.591 372.316 435.761 491.604 566.653 669.752 747.432 782.692 700.748 593.651 518.210 471.455 422.742 451.273 481.210 526.415 470.205 380.096 415.214
-9999.000 -9999.000 -9999.000 -9999.000 -9999.000 -9999.000 -9999.000 -9999.000 -9999.000 -9999.000 -9999.000 -9999.000 -9999.000 -9999.000 -9999.000 635.930 631.242 589.824 567.486 535.746 505.479 468.597 415.764 340.808 302.871 280.549 252.039 232.084 228.398 200.981 176.373 185.101 164.476 163.893 151.176 151.567 151.336 153.834 154.907 156.533 224.127 241.859 228.387 239.932 271.752 368.778 454.868 501.590 537.675 606.862 684.214 749.322 765.260 668.621 591.581 569.934 498.474 500.362 511.233 530.619 514.028 437.812 417.802 495.911
-9999.000 -9999.000 -9999.000 -9999.000 -9999.000 -9999.000 -9999.000 -9999.000 -9999.000 -9999.000 -9999.000 -9999.000 -9999.000 -9999.000 -9999.000 -9999.000 647.442 605.921 578.851 564.566 518.467 486.594 452.936 406.545 346.569 287.819 262.941 247.759 243.014 232.774 209.980 196.347 180.070 201.240 156.199 152.912 153.217 155.070 156.272 158.775 177.849 206.166 315.636 356.795 385.269 426.268 475.836 520.877 593.251 680.041 752.068 808.227 767.866 710.338 668.712 608.850 552.813 564.061 564.200 539.995 476.509 465.859 465.027 571.208
-9999.000 -9999.000 -9999.000 -9999.000 -9999.000 -9999.000 -9999.000 -9999.000 -9999.000 -9999.000 -9999.000 -9999.000 -9999.000 -9999.000 -9999.000 -9999.000 693.341 654.848 598.294 541.819 496.316 455.714 422.905 390.495 329.066 279.582 249.547 254.372 247.125 223.962 196.534 198.671 189.426 223.999 177.600 154.701 155.009 158.081 157.906 158.827 160.965 209.005 318.752 399.014 394.550 426.165 496.816 555.470 574.043 638.823 732.607 749.784 743.255 726.341 712.919 671.036 608.722 618.164 583.843 526.260 510.951 528.635 522.751 608.094
-9999.000 -9999.000 -9999.000 -9999.000 -9999.000 -9999.000 -9999.000 -9999.000 -9999.000 -9999.000 -9999.000 -9999.000 -9999.000 -9999.000 -9999.000 -9999.000 -9999.000 652.133 576.522 517.232 477.438 432.508 397.059 353.169 301.333 279.714 298.170 315.087 300.697 277.763 252.300 218.346 190.474 216.026 216.410 165.926 157.068 157.958 158.570 160.636 162.398 171.829 260.949 326.945 383.504 451.213 477.463 511.133 552.807 577.825 650.003 655.779 671.753 639.192 663.822 718.251 703.074 658.812 585.763 590.474 576.710 596.238 596.283 657.324
-9999.000 -9999.000 -9999.000 -9999.000 -9999.000 -9999.000 -9999.000 -9999.000 -9999.000 -9999.000 -9999.000 -9999.000 -9999.000 -9999.000 -9999.000 -9999.000 -9999.000 664.140 602.302 534.599 493.543 419.787 372.677 370.630 333.306 332.749 350.367 372.384 342.198 327.223 284.600 231.366 202.772 228.650 231.548 200.608 160.800 159.960 159.663 159.625 163.499 185.064 231.995 287.136 325.662 385.376 438.250 465.298 509.199 537.370 562.533 545.737 565.968 533.117 606.761 681.649 720.032 682.047 632.613 657.300 693.755 683.487 681.720 708.558
-9999.000 -9999.000 -9999.000 -9999.000 -9999.000 -9999.000 -9999.000 -9999.000 -9999.000 -9999.000 -9999.000 -9999.000 -9999.000 -9999.000 -9999.000 -9999.000 -9999.000 640.770 586.362 535.239 487.978 437.620 416.640 402.385 377.820 386.782 410.570 398.997 385.464 362.935 304.724 248.178 215.525 254.132 243.783 226.155 187.688 163.062 162.461 162.433 164.146 167.193 220.771 251.996 290.937 331.937 366.080 456.942 492.152 497.390 496.002 472.493 470.679 476.092 535.082 597.364 684.016 753.122 737.291 754.420 785.126 773.333 754.749 767.620
-9999.000 -9999.000 -9999.000 -9999.000 -9999.000 -9999.000 -9999.000 -9999.000 -9999.000 -9999.000 -9999.000 -9999.000 -9999.000 -9999.000 -9999.000 -9999.000 -9999.000 626.128 565.206 539.870 484.511 474.248 439.285 422.204 420.909 440.128 428.015 394.096 358.087 328.874 299.864 249.676 234.716 261.590 256.220 243.418 237.557 194.260 167.694 166.933 165.956 166.945 174.658 226.428 251.223 306.906 381.665 436.837 459.131 437.077 414.601 401.972 410.423 474.382 540.563 609.816 705.453 796.980 794.036 813.022 823.079 817.384 816.015 835.578
-9999.000 -9999.000 -9999.000 -9999.000 -9999.000 -9999.000 -9999.000 -9999.000 -9999.000 -9999.000 -9999.000 -9999.000 -9999.000 -9999.000 -9999.000 -9999.000 748.463 670.777 579.955 535.958 506.127 474.813 470.701 453.073 467.215 463.904 421.223 372.252 339.748 315.064 297.222 274.797 259.442 303.113 312.606 289.805 257.627 223.124 181.701 170.123 169.807 169.797 168.937 193.883 215.708 269.844 354.366 404.264 381.002 356.566 349.665 403.763 445.437 497.771 568.234 625.124 731.115 831.482 859.467 814.541 770.222 748.539 737.796 778.579
-9999.000 -9999.000 -9999.000 -9999.000 -9999.000 -9999.000 -9999.000 -9999.000 -9999.000 -9999.000 -9999.000 -9999.000 -9999.000 -9999.000 -9999.000 -9999.000 749.291 718.778 623.543 564.303 528.237 511.615 494.928 483.075 470.624 418.458 407.853 389.676 364.773 333.091 315.750 299.277 285.678 346.847 362.614 326.475 263.201 228.272 221.570 189.587 172.850 172.869 172.791 174.241 187.474 235.215 310.704 360.966 301.015 346.108 381.289 432.959 478.748 549.191 604.510 674.332 766.636 854.249 855.312 787.808 752.244 725.322 707.575 702.410
-9999.000 -9999.000 -9999.000 -9999.000 -9999.000 -9999.000 -9999.000 -9999.000 -9999.000 -9999.000 -9999.000 -9999.000 -9999.000 -9999.000 -9999.000 -9999.000 759.455 692.204 638.714 605.078 572.102 548.199 524.207 489.271 455.806 439.589 427.562 402.518 367.423 356.565 324.524 302.227 300.378 359.080 376.847 331.057 301.982 277.563 246.782 217.518 205.207 174.860 174.713 174.634 174.209 216.447 268.563 299.055 268.178 362.665 427.299 466.205 517.574 580.020 639.381 732.922 823.343 872.672 823.262 755.236 729.355 693.635 679.604 662.651
-9999.000 -9999.000 -9999.000 -9999.000 -9999.000 -9999.000 -9999.000 -9999.000 -9999.000 -9999.000 -9999.000 -9999.000 -9999.000 -9999.000 -9999.000 -9999.000 775.834 694.142 655.426 636.637 613.945 563.106 500.829 502.075 471.860 452.300 439.392 415.051 388.503 353.242 347.990 356.765 364.212 362.730 390.979 358.961 339.249 318.271 274.512 255.071 229.950 201.629 185.915 176.027 176.855 199.595 212.940 218.954 289.754 400.080 454.788 510.680 534.878 586.999 658.440 748.354 826.330 810.248 781.459 733.119 711.367 670.416 653.398 621.474
