G1448-Hydrology/Precipitation/data/dem_pas.asc
ncols		139     
nrows		230     
xllcorner	328500.0
yllcorner	4727155.0
cellsize	200     
NODATA_value	-9999.0 
[rows 58 to 86 of 230, columns 0 to 63 of 139]
-9999.000 -9999.000 -9999.000 -9999.000 -9999.000 -9999.000 -9999.000 -9999.000 90.578 81.687 72.599 64.794 58.042 42.777 41.241 32.204 27.858 27.175 27.111 28.544 40.994 74.675 101.520 121.235 116.265 125.657 155.721 161.725 123.215 105.671 75.308 63.771 67.127 66.325 48.933 97.968 116.132 123.448 81.169 65.622 112.583 152.464 173.707 202.230 229.968 250.790 -9999.000 -9999.000 -9999.000 -9999.000 -9999.000 -9999.000 -9999.000 -9999.000 -9999.000 -9999.000 -9999.000 -9999.000 -9999.000 -9999.000 -9999.000 -9999.000 -9999.000 -9999.000
-9999.000 -9999.000 -9999.000 -9999.000 -9999.000 -9999.000 -9999.000 -9999.000 -9999.000 97.144 79.555 70.097 62.174 39.153 34.968 33.044 28.790 28.096 28.250 50.021 67.412 67.288 85.215 133.774 166.532 188.120 199.549 175.696 149.682 119.362 97.851 103.486 99.539 93.549 53.095 91.627 130.579 155.327 125.807 71.938 89.033 116.554 127.080 153.551 187.566 236.710 257.314 -9999.000 -9999.000 -9999.000 -9999.000 -9999.000 -9999.000 -9999.000 -9999.000 -9999.000 -9999.000 -9999.000 -9999.000 -9999.000 -9999.000 -9999.000 -9999.000 -9999.000
-9999.000 -9999.000 -9999.000 -9999.000 -9999.000 -9999.000 -9999.000 98.291 94.789 88.299 84.560 83.761 64.261 40.728 36.017 33.765 30.040 29.471 31.067 69.562 84.316 119.769 88.487 148.054 181.874 229.833 230.696 193.962 168.396 145.940 123.090 134.609 128.819 91.360 61.488 94.819 135.008 178.476 164.659 115.805 74.449 119.558 161.518 187.604 221.134 252.262 269.934 -9999.000 -9999.000 -9999.000 -9999.000 -9999.000 -9999.000 -9999.000 -9999.000 -9999.000 -9999.000 -9999.000 -9999.000 -9999.000 -9999.000 -9999.000 -9999.000 -9999.000
-9999.000 -9999.000 -9999.000 -9999.000 -9999.000 145.252 113.656 91.452 86.316 75.782 66.701 75.924 63.016 39.640 36.759 34.500 30.549 32.163 35.845 69.092 107.058 155.714 124.306 128.240 162.332 214.695 245.463 222.889 203.795 171.251 155.838 166.904 145.618 118.465 85.106 108.733 146.124 183.655 211.126 160.026 92.018 101.524 146.259 167.478 184.349 213.346 251.505 -9999.000 -9999.000 -9999.000 -9999.000 -9999.000 -9999.000 -9999.000 -9999.000 -9999.000 -9999.000 -9999.000 -9999.000 -9999.000 -9999.000 -9999.000 -9999.000 -9999.000
-9999.000 -9999.000 -9999.000 -9999.000 167.756 129.209 120.070 116.686 126.205 109.130 100.205 77.139 45.177 40.394 38.423 37.617 30.038 34.209 43.763 100.606 110.615 154.503 173.712 181.029 189.069 213.307 262.803 257.688 234.914 210.381 209.817 195.336 170.385 137.644 110.351 113.244 149.434 208.302 233.399 187.286 134.923 95.486 99.493 120.608 156.622 203.092 252.832 -9999.000 -9999.000 -9999.000 -9999.000 -9999.000 -9999.000 -9999.000 -9999.000 -9999.000 -9999.000 -9999.000 -9999.000 -9999.000 -9999.000 -9999.000 -9999.000 -9999.000
-9999.000 -9999.000 -9999.000 -9999.000 177.022 173.695 135.806 124.023 158.303 149.158 145.048 104.466 68.525 39.756 36.413 28.854 34.333 35.755 50.476 105.892 125.196 157.088 191.162 219.221 254.195 278.814 302.222 288.311 256.181 225.491 200.528 165.747 137.371 110.546 104.152 92.140 129.346 171.911 209.588 226.426 178.210 137.873 132.958 151.340 167.612 231.541 273.708 -9999.000 -9999.000 -9999.000 -9999.000 -9999.000 -9999.000 -9999.000 -9999.000 -9999.000 -9999.000 -9999.000 -9999.000 -9999.000 -9999.000 -9999.000 -9999.000 -9999.000
-9999.000 -9999.000 -9999.000 -9999.000 214.532 198.271 172.730 159.812 170.481 176.842 161.395 114.926 64.674 39.928 37.776 38.597 31.545 32.961 38.174 43.399 66.345 126.258 154.588 197.209 218.665 256.122 318.542 306.506 256.755 224.113 194.269 172.984 139.478 148.438 149.684 97.632 126.278 152.754 198.809 238.889 210.984 163.061 177.511 206.419 204.789 245.746 -9999.000 -9999.000 -9999.000 -9999.000 -9999.000 -9999.000 -9999.000 -9999.000 -9999.000 -9999.000 -9999.000 -9999.000 -9999.000 -9999.000 -9999.000 -9999.000 -9999.000 -9999.000
-9999.000 -9999.000 -9999.000 239.167 238.860 219.557 198.597 185.120 180.397 174.123 157.599 108.243 72.378 40.496 38.258 38.302 37.618 36.599 38.230 43.846 38.664 45.066 84.395 119.166 157.657 224.876 267.859 323.711 284.003 256.192 237.344 208.392 185.348 207.431 146.691 134.290 154.458 186.297 205.553 226.486 234.383 209.188 199.551 241.593 261.504 280.140 -9999.000 -9999.000 -9999.000 -9999.000 -9999.000 -9999.000 -9999.000 -9999.000 -9999.000 -9999.000 -9999.000 -9999.000 -9999.000 -9999.000 -9999.000 -9999.000 -9999.000 -9999.000
-9999.000 236.036 219.866 204.240 209.477 209.601 205.021 190.450 164.075 140.078 124.745 101.079 73.601 49.650 40.960 41.150 40.801 41.549 45.927 39.927 44.026 42.152 38.871 60.726 119.905 198.422 253.489 316.953 328.211 307.023 288.322 239.834 253.186 199.546 160.148 179.753 203.473 208.458 245.180 257.309 266.114 255.828 238.127 252.345 269.555 282.312 -9999.000 -9999.000 -9999.000 -9999.000 -9999.000 -9999.000 -9999.000 -9999.000 -9999.000 -9999.000 -9999.000 -9999.000 -9999.000 -9999.000 -9999.000 -9999.000 -9999.000 159.762
-9999.000 -9999.000 189.412 168.483 174.275 194.784 199.075 185.008 176.511 163.283 129.985 96.066 71.672 68.290 44.221 43.512 53.361 47.613 54.649 46.249 42.650 43.163 43.960 39.362 74.984 149.188 223.314 243.690 293.964 340.085 325.025 302.741 266.619 230.631 218.851 243.427 251.585 258.189 248.896 233.341 241.121 247.736 256.433 254.633 242.294 261.282 255.990 -9999.000 -9999.000 -9999.000 -9999.000 -9999.000 -9999.000 -9999.000 -9999.000 -9999.000 -9999.000 -9999.000 -9999.000 -9999.000 -9999.000 242.950 201.976 178.986
-9999.000 -9999.000 198.434 170.457 147.227 127.092 171.687 192.607 159.459 173.224 148.351 114.930 83.629 75.787 60.647 46.645 61.697 64.149 70.817 66.573 46.830 44.342 44.549 44.398 38.431 81.210 165.736 193.608 260.776 279.506 298.638 317.162 304.409 291.394 281.932 268.603 239.439 215.240 196.480 166.509 193.377 214.244 197.712 186.173 198.745 214.370 248.036 272.087 300.837 -9999.000 -9999.000 -9999.000 -9999.000 -9999.000 -9999.000 -9999.000 -9999.000 -9999.000 -9999.000 -9999.000 278.495 244.595 183.915 176.910
-9999.000 -9999.000 205.011 171.059 143.307 117.109 110.779 140.378 156.925 132.412 128.616 97.975 86.295 80.637 53.232 49.306 57.643 69.861 73.509 72.413 68.522 51.467 52.278 46.666 44.627 39.761 97.138 173.096 200.116 239.431 226.464 270.864 259.170 283.316 245.971 234.884 178.462 153.746 153.295 133.294 147.387 167.441 190.172 217.714 249.589 235.118 269.048 304.579 312.448 296.749 258.818 -9999.000 -9999.000 -9999.000 -9999.000 -9999.000 -9999.000 -9999.000 -9999.000 -9999.000 286.369 234.957 171.901 134.665
-9999.000 195.236 161.878 139.386 119.257 108.267 109.274 91.702 104.017 79.154 79.886 75.356 73.459 64.907 52.745 54.376 73.152 63.835 78.091 77.030 77.159 62.121 55.094 48.583 45.633 42.817 51.177 100.780 154.414 193.752 176.923 219.473 193.741 220.625 219.229 179.443 132.359 108.649 114.920 158.025 189.351 206.045 210.480 245.399 277.299 284.507 292.859 308.564 313.427 297.443 239.703 215.083 236.995 218.894 171.874 146.516 212.415 -9999.000 -9999.000 -9999.000 286.547 239.197 201.558 162.439
202.967 157.548 133.051 126.902 128.856 131.767 114.904 100.424 93.759 86.087 92.535 72.641 64.673 62.307 64.674 69.232 95.033 78.146 78.067 98.489 85.092 70.356 61.929 54.378 46.553 41.714 46.798 49.941 95.708 123.995 134.825 164.427 148.873 184.581 182.429 133.887 101.975 122.918 156.685 196.427 215.127 244.571 258.483 254.164 268.360 270.008 280.504 293.307 278.149 207.425 166.772 123.304 168.367 158.873 118.446 129.288 143.097 188.112 216.713 221.831 201.877 177.268 145.128 116.816
197.303 186.983 182.094 198.982 187.158 188.794 176.756 122.748 144.140 95.828 118.266 116.607 95.782 106.039 78.013 90.461 114.070 88.373 81.391 98.781 96.438 79.084 71.269 60.751 48.425 47.604 47.232 47.972 47.423 65.988 79.191 96.527 88.367 108.735 132.608 92.547 107.320 145.288 193.725 227.073 245.918 263.149 281.065 266.656 227.602 197.123 218.074 215.572 190.004 142.411 110.134 88.440 118.490 111.908 87.805 88.778 103.360 140.464 157.504 162.020 145.127 90.480 85.761 83.105
261.848 277.134 267.001 252.588 214.723 201.605 182.102 193.781 189.380 151.073 161.664 144.745 128.332 106.174 100.708 125.203 116.049 116.595 107.344 101.042 115.523 100.373 77.345 49.790 47.722 46.421 48.183 49.657 47.011 53.486 59.380 62.934 70.792 86.277 87.075 87.390 125.192 159.855 196.521 213.833 222.962 241.563 253.946 235.492 185.648 141.860 141.460 148.909 121.427 93.629 79.006 77.210 76.817 76.314 76.968 78.913 84.964 92.204 99.241 100.240 93.321 83.861 83.190 84.233
353.836 340.897 338.420 303.092 290.924 280.476 273.613 268.233 179.555 226.382 206.631 186.693 160.507 101.993 156.257 175.845 149.367 177.086 154.239 143.394 146.925 108.488 97.646 69.795 47.387 48.980 49.773 51.529 48.331 47.346 58.645 59.694 62.598 64.486 70.157 98.186 143.837 175.871 179.266 177.974 181.122 197.843 183.703 174.513 143.514 106.052 89.282 75.745 72.411 72.729 74.064 73.048 73.569 73.901 74.894 76.554 78.013 78.373 77.808 79.845 80.933 82.402 84.014 85.712
422.697 418.369 375.369 348.169 337.197 314.458 280.248 212.058 235.527 287.331 253.037 231.490 185.254 144.694 180.676 217.880 190.527 250.917 223.754 220.000 209.995 167.676 140.192 127.932 56.918 51.166 52.343 57.744 52.327 49.267 56.703 63.368 83.071 87.862 78.737 95.736 110.878 133.067 142.364 140.021 133.274 141.249 139.289 125.389 103.761 76.748 70.137 69.856 69.799 70.633 71.384 72.211 72.194 73.664 74.572 76.163 76.382 76.680 79.282 81.925 81.949 82.797 84.343 85.835
401.288 368.865 335.067 303.077 281.237 251.000 224.384 210.871 283.637 337.409 336.148 301.564 201.290 164.212 218.831 246.638 251.936 285.473 287.108 294.414 263.447 224.184 189.416 136.799 65.070 53.115 57.524 61.776 57.575 46.287 55.954 100.564 102.184 98.059 63.253 65.404 69.860 83.188 97.388 117.563 84.731 91.108 99.019 73.318 72.848 63.789 66.420 66.021 67.807 68.185 68.590 68.558 70.421 75.789 73.994 71.951 77.284 79.135 80.226 82.420 83.763 84.445 85.187 85.725
352.926 325.874 309.248 305.465 280.236 280.791 258.030 253.900 286.542 309.871 302.466 260.100 209.264 220.229 221.731 253.192 285.428 279.723 284.862 284.755 265.286 240.356 192.652 147.660 62.242 53.604 57.057 63.286 62.171 45.713 50.445 53.674 56.260 55.287 57.121 58.394 60.103 62.947 63.417 64.157 63.156 63.422 63.124 60.181 61.576 62.491 64.004 65.235 66.465 67.288 68.894 69.991 71.321 72.395 73.567 78.168 81.728 80.353 82.064 83.004 83.845 85.415 86.379 85.965
384.706 374.339 359.511 362.176 309.128 357.212 322.272 324.254 296.274 285.179 242.573 232.602 274.722 280.975 267.469 237.355 238.218 261.419 236.118 221.143 178.712 175.402 140.722 99.664 51.082 46.303 48.707 64.531 66.374 72.259 52.019 52.983 51.383 56.001 56.739 58.650 58.672 59.253 60.342 59.679 57.693 58.615 60.028 60.572 62.409 63.541 64.157 65.300 65.756 67.025 70.247 70.422 71.630 74.039 75.773 77.559 80.084 83.287 85.634 86.789 87.039 87.238 87.922 88.550
456.660 464.238 438.233 431.718 369.454 412.250 399.238 367.781 341.071 367.750 320.288 279.320 319.379 319.966 262.807 197.991 182.803 186.802 148.115 156.958 121.352 114.780 100.944 71.634 50.213 48.282 58.399 73.192 76.987 102.100 71.783 55.608 50.942 53.456 56.290 55.162 55.682 56.636 56.709 56.947 58.312 60.144 65.028 71.292 72.891 65.554 66.225 67.299 67.309 69.811 71.583 71.865 75.659 75.688 77.387 81.778 82.736 86.871 89.129 89.738 90.544 89.653 88.361 89.116
-9999.000 545.768 539.688 487.037 439.940 480.328 448.149 415.020 386.582 430.372 362.173 341.740 360.734 324.613 264.137 236.833 225.410 189.936 177.110 116.926 99.010 71.516 64.331 52.114 59.713 67.698 81.749 106.323 108.941 136.246 101.312 93.772 63.966 49.375 52.468 54.004 53.824 55.122 57.810 63.345 61.724 64.721 74.244 90.306 75.943 65.201 70.382 89.356 73.202 76.320 77.113 79.187 99.003 93.791 87.678 86.335 92.960 93.626 94.257 94.105 95.753 97.026 100.083 99.792
-9999.000 -9999.000 573.948 538.169 522.246 527.342 494.707 472.737 445.712 441.295 406.724 384.014 378.844 331.448 288.056 268.797 261.573 253.801 226.770 210.954 193.549 97.651 56.996 63.654 106.646 101.356 114.594 148.795 141.267 160.331 122.683 133.191 106.546 88.631 68.720 62.772 68.123 66.923 84.822 92.733 97.172 90.132 85.637 107.943 110.371 107.330 118.692 121.336 113.437 99.478 87.033 93.709 108.728 143.231 143.025 105.885 111.027 122.012 103.222 133.320 113.745 153.765 164.810 143.569
-9999.000 -9999.000 -9999.000 -9999.000 558.985 540.971 527.008 502.784 495.322 500.597 453.514 420.460 407.305 355.129 339.593 341.651 320.493 310.657 294.725 247.072 151.787 54.866 138.043 101.559 114.586 145.060 156.668 194.992 171.831 181.124 148.121 176.897 127.112 113.011 129.315 93.331 85.452 78.944 78.843 107.698 111.167 91.437 96.635 97.638 141.732 153.112 162.275 174.609 171.069 117.645 100.595 111.163 144.868 171.516 160.803 132.889 125.050 128.481 109.651 149.361 155.926 149.134 199.977 166.950
-9999.000 -9999.000 -9999.000 -9999.000 495.183 458.174 449.658 431.362 439.372 467.263 452.247 412.466 391.118 374.387 337.469 297.076 268.256 251.314 208.539 172.858 107.180 62.977 96.938 108.719 144.331 192.656 187.784 180.942 194.447 191.183 181.111 189.244 153.007 147.372 153.162 116.884 116.710 103.442 85.099 110.862 111.571 116.152 131.569 132.707 125.166 148.988 172.429 170.363 138.760 112.776 129.686 137.356 175.576 177.598 175.193 151.432 140.840 144.600 125.817 140.007 191.393 206.147 242.903 227.873
-9999.000 -9999.000 -9999.000 534.354 465.510 414.651 424.832 403.276 393.484 416.748 413.317 402.408 360.425 363.842 323.337 357.473 267.057 217.751 159.922 142.400 97.667 63.063 68.680 82.299 120.678 164.571 161.309 146.084 206.859 241.458 246.492 237.538 218.653 208.092 150.462 157.690 127.678 93.143 128.772 123.784 145.021 151.339 183.881 162.548 157.309 147.488 156.475 151.081 157.935 172.319 192.623 213.206 208.962 225.712 191.601 198.527 200.951 173.704 164.283 188.948 181.073 220.111 257.704 273.865
-9999.000 -9999.000 -9999.000 534.062 483.775 468.558 445.001 415.910 399.271 435.425 455.040 446.470 420.101 391.887 370.225 335.825 282.146 224.467 179.989 114.269 83.600 83.742 62.843 76.637 98.004 124.225 149.336 147.836 171.713 199.027 225.190 233.109 257.198 245.583 227.389 179.833 174.949 126.916 172.829 171.365 192.895 203.283 217.417 223.313 209.051 205.475 171.026 180.087 209.138 218.983 266.246 228.631 252.385 266.124 241.581 273.000 243.145 203.307 192.422 237.100 261.311 268.344 273.394 271.114
-9999.000 -9999.000 -9999.000 552.269 522.821 518.433 486.580 425.498 437.611 493.982 486.332 457.560 427.251 426.294 437.121 385.400 344.467 304.247 234.255 164.625 122.611 101.990 72.491 66.625 78.202 82.339 115.622 130.330 135.678 177.413 181.450 184.543 236.118 286.609 263.496 223.084 210.137 168.959 243.260 259.834 267.797 294.565 263.376 258.422 269.807 230.761 247.925 262.879 255.706 289.456 313.745 255.330 275.158 303.188 305.464 356.091 300.507 282.432 259.297 203.226 277.500 321.938 320.688 279.569
