G1448-Hydrology/Precipitation/data/dem_pas.asc
ncols		139     
nrows		230     
xllcorner	328500.0
yllcorner	4727155.0
cellsize	200     
NODATA_value	-9999.0 
[rows 116 to 144 of 230, columns 64 to 127 of 139]
221.397 197.741 177.840 175.486 176.910 189.860 182.435 171.704 166.177 173.763 181.318 165.534 166.941 169.654 171.367 173.609 190.405 297.112 345.684 353.501 356.243 390.608 438.941 459.266 444.604 448.667 448.531 457.354 500.799 522.109 538.632 563.643 618.999 618.924 605.328 618.415 640.766 696.782 728.221 781.693 -9999.000 -9999.000 -9999.000 -9999.000 -9999.000 -9999.000 -9999.000 -9999.000 -9999.000 -9999.000 -9999.000 -9999.000 -9999.000 -9999.000 -9999.000 -9999.000 -9999.000 -9999.000 -9999.000 -9999.000 -9999.000 -9999.000 -9999.000 -9999.000
189.239 187.530 194.362 186.964 179.971 191.376 187.490 173.570 170.167 195.208 198.493 184.322 182.774 180.694 174.896 174.232 176.795 184.792 208.526 260.800 318.585 346.819 380.032 395.855 421.117 450.572 474.227 491.576 531.478 566.216 594.194 646.974 671.027 653.762 665.474 704.708 663.435 736.090 784.071 817.427 -9999.000 -9999.000 -9999.000 -9999.000 -9999.000 -9999.000 -9999.000 -9999.000 -9999.000 -9999.000 -9999.000 -9999.000 -9999.000 -9999.000 -9999.000 -9999.000 -9999.000 -9999.000 -9999.000 -9999.000 -9999.000 -9999.000 -9999.000 -9999.000
201.810 213.471 218.703 216.622 193.553 189.055 179.550 174.902 174.119 204.440 220.522 198.557 204.360 200.409 193.260 177.800 180.599 181.685 181.913 184.149 210.013 320.332 335.171 354.580 374.615 395.167 439.345 504.325 548.965 592.566 639.350 723.061 737.394 716.909 731.095 760.638 731.132 745.277 778.534 843.982 -9999.000 -9999.000 -9999.000 -9999.000 -9999.000 -9999.000 -9999.000 -9999.000 -9999.000 -9999.000 -9999.000 -9999.000 -9999.000 -9999.000 -9999.000 -9999.000 -9999.000 -9999.000 -9999.000 -9999.000 -9999.000 -9999.000 -9999.000 -9999.000
252.546 263.277 273.974 258.682 215.826 202.627 187.045 187.445 204.017 207.859 219.367 239.205 231.822 215.210 198.206 201.753 196.433 185.959 184.815 186.453 188.236 243.888 275.974 326.363 349.153 381.940 429.668 482.236 520.477 555.594 602.397 701.237 771.616 789.201 796.052 808.642 804.731 779.658 825.462 843.508 827.584 -9999.000 -9999.000 -9999.000 -9999.000 -9999.000 -9999.000 -9999.000 -9999.000 -9999.000 -9999.000 -9999.000 -9999.000 -9999.000 -9999.000 -9999.000 -9999.000 -9999.000 -9999.000 -9999.000 -9999.000 -9999.000 -9999.000 -9999.000
325.501 325.343 306.402 254.960 226.325 200.029 200.332 194.485 231.213 238.984 233.503 243.325 237.817 227.675 214.463 228.810 209.157 194.952 187.956 188.267 188.678 198.646 276.607 305.514 296.558 346.130 400.729 442.572 478.416 524.231 581.846 643.473 731.200 805.935 797.317 801.211 826.953 819.525 803.985 769.591 767.521 824.353 -9999.000 -9999.000 -9999.000 -9999.000 -9999.000 -9999.000 -9999.000 -9999.000 -9999.000 -9999.000 -9999.000 -9999.000 -9999.000 -9999.000 -9999.000 -9999.000 -9999.000 -9999.000 -9999.000 -9999.000 -9999.000 -9999.000
366.608 325.229 280.396 241.838 219.761 192.679 211.880 201.683 227.199 261.270 257.516 255.752 252.703 235.051 213.591 250.476 230.964 212.459 191.663 191.898 192.008 195.908 223.136 247.434 258.498 292.774 332.178 381.142 427.720 469.096 528.740 609.593 700.420 765.781 742.540 742.639 779.912 773.984 743.937 683.247 750.033 802.924 809.405 -9999.000 -9999.000 -9999.000 -9999.000 -9999.000 -9999.000 -9999.000 -9999.000 -9999.000 -9999.000 -9999.000 -9999.000 -9999.000 -9999.000 -9999.000 -9999.000 -9999.000 -9999.000 -9999.000 -9999.000 -9999.000
325.601 283.016 260.411 222.757 206.367 208.687 237.285 226.265 205.046 242.254 258.157 263.201 250.431 247.589 234.754 253.574 241.186 226.821 194.704 194.176 195.491 198.293 215.025 252.780 290.692 313.413 312.562 354.377 388.939 447.902 517.811 580.606 660.136 717.968 671.140 671.666 693.026 685.535 648.727 626.642 739.592 715.833 735.369 808.366 -9999.000 -9999.000 -9999.000 -9999.000 -9999.000 -9999.000 -9999.000 -9999.000 -9999.000 -9999.000 -9999.000 -9999.000 -9999.000 -9999.000 -9999.000 -9999.000 -9999.000 -9999.000 -9999.000 -9999.000
255.085 240.215 228.274 208.529 227.789 269.594 258.247 254.060 213.509 214.812 263.978 273.770 263.403 244.195 242.342 258.053 254.170 234.621 234.142 195.952 198.412 202.485 209.791 231.587 287.001 343.234 364.707 394.606 413.747 435.559 503.157 563.151 650.464 706.152 631.026 593.802 624.677 615.188 549.076 627.119 695.941 661.947 663.793 730.351 772.083 823.571 910.990 -9999.000 -9999.000 -9999.000 -9999.000 -9999.000 -9999.000 -9999.000 -9999.000 -9999.000 -9999.000 -9999.000 -9999.000 -9999.000 -9999.000 -9999.000 -9999.000 -9999.000
248.242 260.157 233.951 239.614 245.787 285.174 292.115 251.858 227.431 216.947 230.065 268.658 268.079 262.019 243.927 256.671 253.958 264.018 245.283 199.277 201.364 202.145 208.776 230.396 274.051 335.893 367.245 398.717 437.425 493.542 545.409 584.055 643.450 661.591 588.325 512.756 530.917 552.881 502.327 606.450 614.589 602.706 623.316 659.474 689.726 743.993 849.945 956.776 -9999.000 -9999.000 -9999.000 -9999.000 -9999.000 -9999.000 -9999.000 -9999.000 -9999.000 -9999.000 -9999.000 -9999.000 -9999.000 -9999.000 -9999.000 -9999.000
315.775 297.614 271.131 283.570 298.449 301.721 307.478 275.555 268.281 238.990 240.317 232.468 266.842 276.917 259.657 257.756 259.202 265.704 242.562 202.533 204.187 205.584 210.852 227.887 244.770 294.037 353.653 370.321 409.782 469.667 533.804 582.012 590.500 567.687 550.926 495.193 442.372 484.977 446.948 478.775 500.134 529.226 580.285 605.145 667.801 742.491 823.249 929.849 -9999.000 -9999.000 -9999.000 -9999.000 -9999.000 -9999.000 -9999.000 -9999.000 -9999.000 -9999.000 -9999.000 -9999.000 -9999.000 -9999.000 -9999.000 -9999.000
353.671 314.710 323.334 319.821 348.525 344.323 321.908 333.338 304.208 279.554 253.754 254.356 245.524 276.788 267.406 264.502 263.347 253.769 233.455 205.612 207.277 208.856 215.151 225.466 274.421 286.035 333.560 376.936 425.391 483.268 530.160 541.844 516.414 491.990 482.838 446.499 382.715 400.264 440.307 486.867 541.904 592.835 604.058 673.939 724.799 772.623 853.591 904.100 904.778 902.309 884.318 887.090 880.465 -9999.000 -9999.000 -9999.000 -9999.000 -9999.000 -9999.000 -9999.000 -9999.000 -9999.000 -9999.000 -9999.000
381.607 366.595 339.131 351.895 376.166 384.293 359.912 358.579 339.123 314.361 276.577 259.164 247.466 275.469 275.991 276.957 279.821 267.809 249.161 209.226 209.204 213.588 220.915 225.624 277.243 339.764 361.828 377.405 405.500 448.738 476.398 504.442 488.171 439.562 397.227 365.320 403.414 437.378 482.342 539.053 614.508 638.851 667.185 712.346 773.019 778.186 793.959 811.508 857.368 844.815 825.536 827.978 824.520 -9999.000 -9999.000 -9999.000 -9999.000 -9999.000 -9999.000 -9999.000 -9999.000 -9999.000 -9999.000 -9999.000
410.885 413.262 381.672 390.714 403.552 403.753 386.988 384.150 353.735 311.495 303.149 274.989 253.202 260.082 287.746 291.335 295.654 282.286 243.350 213.210 211.662 219.051 225.376 230.342 266.936 343.252 345.595 346.911 382.071 400.991 426.041 451.625 425.100 381.053 349.410 387.554 427.837 476.229 506.916 583.704 664.560 740.845 707.054 708.246 713.041 708.797 685.984 704.365 738.970 739.748 746.201 817.933 -9999.000 -9999.000 -9999.000 -9999.000 -9999.000 -9999.000 -9999.000 -9999.000 -9999.000 -9999.000 -9999.000 -9999.000
446.998 455.385 446.076 431.464 456.030 448.932 416.895 404.738 367.711 362.678 332.814 292.123 269.335 262.096 285.038 309.467 305.664 284.259 270.421 218.642 214.451 218.756 226.426 232.749 257.989 323.851 312.418 305.813 343.470 374.188 390.844 402.601 383.186 321.075 362.692 400.209 431.218 485.107 520.648 602.691 670.072 696.130 671.809 636.581 622.708 641.114 631.304 625.191 688.015 748.857 802.985 839.831 -9999.000 -9999.000 -9999.000 -9999.000 -9999.000 -9999.000 -9999.000 -9999.000 -9999.000 -9999.000 -9999.000 -9999.000
463.265 491.309 515.861 480.122 504.015 496.665 452.568 430.860 400.483 384.546 346.010 296.550 279.614 272.629 297.182 307.577 302.557 282.966 289.458 221.498 218.376 224.433 226.720 234.663 256.588 314.308 292.261 271.612 356.450 411.104 386.628 357.663 332.519 318.669 357.845 393.611 425.991 489.414 547.672 616.710 661.375 615.492 603.112 577.547 553.407 544.566 562.372 658.732 709.365 755.676 802.662 854.986 -9999.000 -9999.000 -9999.000 -9999.000 -9999.000 -9999.000 -9999.000 -9999.000 -9999.000 -9999.000 -9999.000 -9999.000
486.517 508.820 534.538 546.856 572.831 536.630 499.322 470.135 417.508 365.038 337.931 326.653 295.879 301.204 295.916 311.323 294.492 304.497 284.798 223.237 220.316 220.975 232.968 234.978 241.985 254.769 254.924 269.965 315.303 340.254 309.962 295.572 305.839 335.728 372.452 398.469 438.778 485.302 532.288 569.783 563.918 551.058 522.345 519.655 496.947 558.030 632.440 675.849 727.916 767.205 821.453 861.708 846.128 904.456 -9999.000 -9999.000 -9999.000 -9999.000 -9999.000 -9999.000 -9999.000 -9999.000 -9999.000 -9999.000
475.984 538.239 586.959 623.605 602.382 577.267 523.603 488.143 445.449 427.122 377.579 323.652 308.956 317.925 307.414 302.173 309.560 313.923 287.332 233.572 223.574 226.027 234.934 254.347 267.617 273.034 278.697 265.413 267.550 272.958 284.025 308.795 343.471 380.687 413.715 452.805 475.215 482.730 499.678 519.087 501.735 499.648 485.867 469.166 550.509 619.541 687.489 699.034 721.792 738.233 739.485 741.867 824.028 924.866 -9999.000 -9999.000 -9999.000 -9999.000 -9999.000 -9999.000 -9999.000 -9999.000 -9999.000 -9999.000
467.237 532.021 603.493 656.496 664.126 633.695 544.774 502.522 469.446 423.335 396.377 358.201 343.666 345.038 322.967 310.830 328.556 320.711 286.166 250.238 229.884 227.486 238.886 260.438 296.775 314.357 304.589 299.551 299.518 313.854 334.311 372.399 402.433 420.885 438.330 432.466 449.538 463.075 470.337 451.682 437.299 437.828 450.505 496.817 565.379 671.838 653.383 642.296 634.775 628.977 640.023 713.772 835.631 929.204 -9999.000 -9999.000 -9999.000 -9999.000 -9999.000 -9999.000 -9999.000 -9999.000 -9999.000 -9999.000
521.048 526.177 606.753 656.701 666.467 624.706 560.023 498.568 442.568 421.122 392.216 357.659 327.098 316.167 309.016 287.508 293.989 289.353 280.842 262.836 238.661 234.972 239.557 276.610 319.494 334.565 336.596 346.973 339.964 340.423 385.250 408.578 406.370 419.417 397.238 387.519 386.839 408.395 410.408 387.449 436.833 454.416 504.629 547.662 620.273 641.945 608.803 583.779 565.551 598.467 680.503 740.910 813.450 918.205 983.283 -9999.000 -9999.000 -9999.000 -9999.000 -9999.000 -9999.000 -9999.000 -9999.000 -9999.000
597.380 615.954 615.518 675.146 654.751 590.996 530.262 474.901 419.991 376.595 365.974 370.904 374.286 354.422 354.589 327.345 298.183 275.722 260.022 251.199 248.520 243.173 241.756 303.228 368.319 402.280 401.176 397.441 402.297 396.079 415.171 396.051 367.248 344.873 343.541 357.863 377.352 388.409 398.488 454.738 488.800 519.943 541.483 571.709 582.876 562.328 533.955 523.117 595.540 607.831 734.499 829.585 879.043 966.449 -9999.000 -9999.000 -9999.000 -9999.000 -9999.000 -9999.000 -9999.000 -9999.000 -9999.000 -9999.000
665.894 676.016 658.625 700.952 648.949 588.243 509.186 471.324 406.414 419.839 413.769 432.960 439.021 411.630 377.897 341.083 320.363 302.588 284.359 277.067 266.825 250.905 243.005 316.067 401.152 466.805 460.417 470.424 457.852 433.773 369.766 327.100 332.074 370.917 392.360 396.114 431.787 449.936 434.446 487.414 525.675 525.001 518.993 507.042 516.787 501.814 482.815 571.125 665.770 695.627 718.011 819.535 939.080 1011.519 -9999.000 -9999.000 -9999.000 -9999.000 -9999.000 -9999.000 -9999.000 -9999.000 -9999.000 -9999.000
713.362 721.119 708.702 715.660 673.445 591.438 518.290 468.675 474.340 512.371 473.268 510.785 479.971 457.393 412.633 374.175 354.440 321.484 299.937 278.933 261.925 256.554 247.584 287.262 345.196 447.323 457.260 446.803 434.660 392.832 326.626 384.681 404.756 408.884 420.969 432.880 461.000 475.432 465.536 460.802 471.890 449.045 447.614 440.442 450.927 501.516 562.225 551.698 587.287 649.313 746.675 852.056 985.939 1035.573 -9999.000 -9999.000 -9999.000 -9999.000 -9999.000 -9999.000 -9999.000 -9999.000 -9999.000 -9999.000
744.710 760.274 747.247 711.727 630.395 574.156 521.027 497.328 562.884 599.036 550.366 589.138 543.265 471.168 439.141 401.777 358.525 334.323 308.624 275.634 276.298 269.960 256.761 254.181 315.633 347.830 344.443 349.819 343.271 309.682 350.912 416.778 401.668 420.681 392.888 395.071 437.257 420.512 401.680 386.524 387.115 391.100 436.143 478.595 527.918 529.662 618.464 661.978 651.632 684.676 717.938 810.291 957.877 1000.163 1012.823 -9999.000 -9999.000 -9999.000 -9999.000 -9999.000 -9999.000 -9999.000 -9999.000 -9999.000
797.145 803.137 748.422 693.656 616.154 584.484 557.681 545.136 637.030 668.939 629.830 638.063 590.677 510.831 481.975 449.176 394.581 349.745 302.256 289.860 354.633 327.243 281.877 257.965 272.139 292.036 298.738 292.564 318.716 360.538 315.657 325.185 341.344 348.454 352.383 369.090 362.925 361.849 366.833 390.865 419.489 425.036 491.140 522.311 574.871 602.085 635.319 716.179 760.913 778.887 800.542 844.198 896.107 867.230 939.207 -9999.000 -9999.000 -9999.000 -9999.000 -9999.000 -9999.000 -9999.000 -9999.000 -9999.000
847.021 815.527 773.071 729.711 677.664 675.367 648.256 615.136 650.673 718.867 686.809 656.754 605.723 573.551 539.158 492.250 422.805 373.788 313.349 339.758 408.594 377.752 335.550 267.817 304.870 386.256 406.431 403.153 435.426 444.383 410.651 378.256 360.828 389.290 374.023 378.698 397.516 420.149 427.888 461.464 500.711 477.546 513.168 586.301 631.159 686.236 704.022 742.395 745.998 700.834 703.977 793.545 788.697 764.926 852.120 978.040 -9999.000 -9999.000 -9999.000 -9999.000 -9999.000 -9999.000 -9999.000 -9999.000
805.951 814.779 798.078 770.063 751.879 745.858 731.735 696.172 678.078 734.536 731.090 672.911 615.343 560.064 511.266 484.389 423.192 364.216 357.317 324.741 397.201 434.266 417.493 342.253 280.992 337.301 399.152 407.799 426.167 421.885 423.206 441.534 441.006 450.152 458.172 470.144 481.694 499.389 489.016 536.843 566.481 562.125 563.588 599.382 612.359 647.961 684.090 668.966 661.472 608.160 697.488 746.577 685.663 726.144 817.649 860.888 960.588 -9999.000 -9999.000 -9999.000 -9999.000 -9999.000 -9999.000 -9999.000
716.073 740.231 759.632 767.504 763.858 753.586 765.329 729.894 740.540 744.997 701.485 654.035 609.518 566.165 486.982 425.244 381.204 429.189 451.378 376.760 362.531 458.827 472.489 431.271 353.908 272.599 338.022 365.118 372.668 369.580 368.562 355.743 384.764 401.299 441.420 456.901 466.537 496.443 477.227 508.010 537.728 529.779 537.634 572.318 569.544 584.426 629.273 621.760 566.066 592.638 693.233 700.648 625.856 645.907 694.607 813.308 940.309 998.513 -9999.000 -9999.000 -9999.000 -9999.000 -9999.000 -9999.000
658.644 646.935 678.521 707.900 706.533 742.900 757.369 773.522 759.592 709.274 667.116 617.134 575.290 507.595 488.348 481.662 481.124 505.280 462.819 408.795 376.034 419.877 477.475 472.667 398.166 328.990 293.164 307.235 302.100 302.731 311.444 319.409 328.051 327.072 367.558 391.698 405.218 433.642 433.690 457.691 488.415 480.644 494.561 545.341 536.513 529.863 560.436 564.168 504.362 584.292 586.101 606.487 582.940 717.186 789.484 815.996 848.261 953.247 1053.560 -9999.000 -9999.000 -9999.000 -9999.000 -9999.000
619.209 605.667 612.454 641.435 655.818 686.901 705.355 753.107 758.148 662.782 605.801 557.075 548.630 532.381 590.577 585.431 531.322 495.259 459.344 402.526 430.039 429.779 478.057 503.736 441.882 405.078 334.947 349.893 349.724 319.738 354.095 370.784 369.958 377.769 345.469 338.135 342.423 348.719 371.852 391.379 411.093 416.857 432.271 455.375 464.030 489.895 465.988 446.227 450.906 466.494 500.822 514.560 591.043 641.014 666.431 672.906 814.847 958.400 1057.263 1106.709 -9999.000 -9999.000 -9999.000 -9999.000
